[history]
storage = 1

[devicecaps]
w = 344
h = 194

[layout]
kw = 52
kh = 45
ks = 2
khs = 10
kvs = 10

[total]
lbcount = 731
rbcount = 18
mbcount = 0
xbcount = 0
wheel = 1921
hwheel = 0
move = 125.158830
keystrokes = 78
sc1 = 0
sc10 = 0
sc11 = 0
sc12 = 0
sc13 = 0
sc14 = 8
sc15 = 0
sc16 = 0
sc17 = 0
sc18 = 3
sc19 = 1
sc2 = 0
sc20 = 2
sc21 = 3
sc22 = 3
sc23 = 3
sc24 = 3
sc25 = 2
sc26 = 0
sc27 = 0
sc28 = 7
sc284 = 0
sc285 = 0
sc29 = 3
sc3 = 0
sc30 = 1000
sc309 = 0
sc31 = 4
sc310 = 0
sc312 = 0
sc32 = 2
sc325 = 0
sc327 = 0
sc328 = 0
sc329 = 0
sc33 = 0
sc331 = 1
sc333 = 0
sc335 = 0
sc336 = 0
sc337 = 0
sc338 = 0
sc339 = 0
sc34 = 0
sc347 = 0
sc348 = 0
sc35 = 2
sc36 = 2
sc37 = 1
sc38 = 0
sc39 = 0
sc4 = 1
sc40 = 0
sc41 = 0
sc42 = 2
sc43 = 0
sc44 = 0
sc45 = 0
sc46 = 2
sc47 = 1
sc48 = 0
sc49 = 5
sc5 = 0
sc50 = 2
sc51 = 0
sc52 = 0
sc53 = 0
sc55 = 0
sc56 = 1
sc57 = 6
sc58 = 0
sc59 = 0
sc6 = 0
sc60 = 0
sc61 = 0
sc62 = 0
sc63 = 0
sc64 = 0
sc65 = 0
sc66 = 0
sc67 = 0
sc68 = 0
sc7 = 0
sc71 = 0
sc72 = 0
sc73 = 0
sc74 = 0
sc75 = 0
sc76 = 0
sc77 = 0
sc78 = 0
sc79 = 0
sc8 = 0
sc80 = 0
sc81 = 0
sc82 = 0
sc83 = 0
sc87 = 0
sc88 = 0
sc9 = 0

[20210816]
lbcount = 22
rbcount = 1
mbcount = 0
xbcount = 0
wheel = 3
hwheel = 0
move = 2.727051
keystrokes = 36209
sc1 = 0
sc10 = 0
sc11 = 0
sc12 = 0
sc13 = 0
sc14 = 0
sc15 = 0
sc16 = 827
sc17 = 575
sc18 = 2797
sc19 = 1085
sc2 = 0
sc20 = 1080
sc21 = 1653
sc22 = 1394
sc23 = 3456
sc24 = 1999
sc25 = 1063
sc26 = 0
sc27 = 0
sc28 = 0
sc284 = 0
sc285 = 0
sc29 = 0
sc3 = 0
sc30 = 1411
sc309 = 0
sc31 = 916
sc310 = 0
sc312 = 0
sc32 = 2554
sc325 = 0
sc327 = 0
sc328 = 0
sc329 = 0
sc33 = 1084
sc331 = 0
sc333 = 0
sc335 = 0
sc336 = 0
sc337 = 0
sc338 = 0
sc339 = 0
sc34 = 1358
sc347 = 0
sc348 = 0
sc35 = 1080
sc36 = 1881
sc37 = 900
sc38 = 1074
sc39 = 0
sc4 = 0
sc40 = 0
sc41 = 0
sc42 = 0
sc43 = 0
sc44 = 1019
sc45 = 1122
sc46 = 942
sc47 = 1415
sc48 = 1157
sc49 = 1225
sc5 = 0
sc50 = 1142
sc51 = 0
sc52 = 0
sc53 = 0
sc55 = 0
sc56 = 0
sc57 = 0
sc58 = 0
sc59 = 0
sc6 = 0
sc60 = 0
sc61 = 0
sc62 = 0
sc63 = 0
sc64 = 0
sc65 = 0
sc66 = 0
sc67 = 0
sc68 = 0
sc7 = 0
sc71 = 0
sc72 = 0
sc73 = 0
sc74 = 0
sc75 = 0
sc76 = 0
sc77 = 0
sc78 = 0
sc79 = 0
sc8 = 0
sc80 = 0
sc81 = 0
sc82 = 0
sc83 = 0
sc87 = 0
sc88 = 0
sc9 = 0

